CD
407
429
405
207
429
308
503
428
511
405
423
408
422
200
425
451
416
415
503
412
429
431
414
201
205
428
201
504
308
423
502
100
207
207
207
510
207
414
423
414
402
103
511
410
406
428
423
102
414
417
208
402
423
429
403
417
301
301
431
103
226
428
507
426
418
416
102
207
202
417
208
400
300
304
505
300
406
401
422
204
500
416
416
204
405
451
451
431
402
302
429
508
413
101
413
208
422
201
405
401
424
203
510
305
413
204
418
201
423
408
415
409
307
308
429
404
413
408
426
424
508
423
200
421
405
405
503
451
412
505
408
506
407
406
208
200
405
424
426
401
510
422
406
206
414
431
207
208
417
506
308
102
301
413
507
304
206
501
102
308
400
405
400
305
415
100
405
204
421
300
428
303
431
417
204
401
204
413
417
505
102
203
204
508
506
507
305
415
422
204
204
500
502
503
426
409
100
424
505
501
421
401
205
300
202
103
204
421
508
501
502
100
300
305
501
206
502
511
421
409
416
500
503
200
401
205
507
410
423
451
507
406
415
412
200
423
415
451
414
408
507
226
500
402
508
423
208
424
426
406
401
411
301
431
416
406
207
303
429
451
206
400
204
402
414
501
207
207
202
300
422
411
405
300
425
202
101
418
502
425
101
503
508
428
410
412
208
428
100
423
423
408
303
408
301
451
205
408
402
507
401
226
424
308
301
422
304
402
404
406
410
100
502
501
429
504
404
417
425
202
410
103
204
428
208
408
405
413
428
503
308
204
304
410
304
511
417
510
405
300
308
302
404
406
303
307
206
208
429
426
416
503
303
505
424
501
412
505
503
506
505
415
100
204
100
308
202
429
305
206
204
428
422
407
411
303
305
400
201
404
421
506
208
207
413
207
417
511
206
202
307
226
423
423
417
404
416
424
401
426
506
202
418
507
407
300
410
410
424
404
401
414
403
508
400
208
511
507
207
411
503
504
431
424
101
504
301
503
428
201
506
412
207
205
403
303
100
400
202
202
303
506
206
204
409
504
508
202
423
102
409
401
411
506
505
300
510
408
208
308
505
428
207
422
205
428
505
409
405
506
508
205
503
412
424
414
413
300
501
408
403
208
226
415
205
207
200
451
100
502
414
504
404
205
410
302
502
431
426
504
426
305
300
403
422
409
421
405
415
416
302
405
402
303
405
431
205
421
425
412
304
415
425
503
504
413
200
414
422
203
417
415
409
403
410
303
508
423
200
100
425
428
226
417
504
405
201
405
414
508
204
508
505
205
408
307
511
204
400
407
415
418
207
203
301
417
307
201
510
415
506
100
409
428
510
205
424
431
301
302
416
501
201
422
407
202
402
305
405
203
413
201
422
207
404
411
303
414
503
506
423
510
201
507
423
204
303
404
101
206
400
504
102
401
207
503
414
415
206
408
305
204
413
103
500
416
428
201
416
506
404
103
508
416
102
226
505
415
410
304
101
301
418
417
423
409
425
206
411
425
208
203
411
204
416
103
418
410
508
504
431
409
502
226
403
429
307
506
207
415
416
101
403
425
500
416
302
303
226
408
100
431
201
500
401
413
202
308
207
403
417
301
308
425
100
405
506
407
426
300
202
403
431
507
511
201
303
423
504
103
511
507
504
305
409
407
417
508
208
507
301
428
418
403
302
300
207
101
226
508
307
510
417
406
501
303
410
207
400
307
204
404
308
510
404
102
405
205
226
400
405
402
200
507
413
304
428
407
508
417
416
202
510
203
423
300
415
508
308
411
401
505
503
412
304
424
404
303
451
502
416
414
103
226
304
428
410
404
302
428
226
502
504
506
406
500
100
429
504
201
307
510
505
202
423
403
202
503
500
412
205
415
506
414
208
403
412
401
417
407
201
102
300
424
408
421
407
307
400
407
205
410
300
307
206
203
421
424
510
103
416
100
400
300
502
413
412
400
504
300
408
417
508
308
102
414
407
200
201
102
500
422
411
226
418
204
408
410
305
418
511
400
303
425
103
415
409
421
406
208
308
409
205
503
507
508
404
300
413
412
308
505
502
400
404
203
204
428
103
503
508
451
102
305
415
426
307
411
417
421
409
226
409
201
501
204
307
421
425
103
428
200
501
102
305
404
406
401
504
501
505
417
428
400
305
451
206
300
403
207
305
101
308
511
208
511
401
204
406
208
411
411
208
508
511
425
226
402
426
500
511
301
206
203
201
207
424
412
504
404
505
300
421
206
403
101
301
103
500
416
103
500
416
402
504
431
511
405
416
100
505
418
506
207
401
415
503
207
203
202
